111 0 0 0 0 0
111 0 1 0 0 0
111 0 2 0 0 0
111 0 3 0 0 0
111 0 4 0 0 0
111 0 5 0 0 0
110 4 0 0 81 0
110 4 1 0 81 0
110 4 2 0 81 0
110 4 3 0 81 0
110 4 4 0 81 0
110 4 5 0 81 0
110 3 0 0 0 92
110 3 1 0 81 0
110 3 2 0 81 0
110 3 3 0 81 0
110 3 4 0 81 0
110 3 5 0 81 0
110 2 0 0 55 0
110 2 1 0 55 0
110 2 2 0 55 0
110 2 3 0 55 0
110 2 4 0 55 0
110 2 5 0 55 0
110 1 0 0 0 0
110 1 1 0 0 0
110 1 2 0 0 0
110 1 3 0 0 0
110 1 4 0 0 0
110 1 5 0 0 0
110 0 0 81 0 0
110 0 1 81 0 0
110 0 2 81 0 0
110 0 3 81 0 0
110 0 4 81 0 0
110 0 5 81 0 0
109 4 0 0 55 0
109 4 1 0 55 0
109 4 2 0 0 92
109 4 3 0 55 0
109 4 4 81 81 0
109 4 5 0 55 0
109 3 0 81 0 0
109 3 1 81 0 0
109 3 2 81 0 0
109 3 3 81 0 0
109 3 4 81 0 0
109 3 5 81 0 0
109 2 0 81 0 0
109 2 1 81 0 0
109 2 2 81 0 0
109 2 3 81 0 0
109 2 4 81 0 0
109 2 5 81 0 0
109 1 0 55 0 0
109 1 1 55 0 0
109 1 2 55 0 0
109 1 3 55 0 0
109 1 4 55 0 0
109 1 5 55 0 0
109 0 0 0 110 0
109 0 1 0 110 0
109 0 2 0 110 0
109 0 3 0 110 0
109 0 4 0 110 0
109 0 5 0 110 0
108 4 0 0 55 0
108 4 1 0 55 0
108 4 2 0 0 92
108 4 3 0 55 0
108 4 4 81 81 0
108 4 5 0 55 0
108 3 0 0 81 0
108 3 1 0 81 0
108 3 2 0 81 0
108 3 3 0 81 0
108 3 4 0 81 0
108 3 5 0 81 0
108 2 0 0 110 81
108 2 1 0 55 92
108 2 2 92 0 0
108 2 3 0 110 81
108 2 4 92 0 0
108 2 5 92 0 0
108 1 0 0 110 92
108 1 1 0 55 92
108 1 2 92 0 0
108 1 3 0 55 92
108 1 4 92 0 0
108 1 5 92 0 0
108 0 0 0 110 0
108 0 1 0 110 0
108 0 2 0 110 0
108 0 3 0 110 0
108 0 4 0 110 0
108 0 5 0 110 0
107 4 2 92 0 0
107 4 3 92 0 0
107 4 4 92 0 0
107 4 5 92 0 0
107 3 2 92 0 0
107 3 3 92 0 0
107 3 4 92 0 0
107 3 5 92 0 0
107 2 2 92 0 0
107 2 3 92 0 0
107 2 4 92 0 0
107 2 5 92 0 0
107 1 2 92 0 0
107 1 3 0 55 92
107 1 4 92 0 0
107 1 5 0 55 92
107 0 2 92 0 0
107 0 3 0 55 92
107 0 4 92 0 0
107 0 5 0 55 92
106 4 2 92 0 43
106 4 3 0 55 92
106 4 4 92 25 0
106 4 5 0 55 92
106 3 2 92 0 0
106 3 3 92 0 0
106 3 4 92 0 0
106 3 5 92 0 0
106 2 2 92 0 0
106 2 3 92 0 0
106 2 4 92 0 0
106 2 5 92 0 0
106 1 2 92 0 0
106 1 3 0 55 92
106 1 4 92 0 0
106 1 5 0 55 92
106 0 2 92 0 0
106 0 3 0 55 92
106 0 4 92 0 0
106 0 5 0 55 92
105 4 2 92 0 43
105 4 3 92 25 0
105 4 4 92 25 0
105 4 5 92 25 0
105 3 2 92 25 0
105 3 3 0 55 92
105 3 4 92 25 0
105 3 5 0 55 92
105 2 2 92 0 43
105 2 3 0 55 92
105 2 4 92 25 0
105 2 5 0 55 92
105 1 2 92 0 43
105 1 3 0 55 92
105 1 4 92 25 0
105 1 5 0 55 92
105 0 2 92 0 43
105 0 3 0 55 92
105 0 4 92 25 0
105 0 5 0 55 92
104 4 2 92 25 0
104 4 3 92 25 0
104 4 4 92 25 0
104 4 5 92 25 0
104 3 2 92 25 0
104 3 3 0 55 92
104 3 4 92 25 0
104 3 5 0 55 92
104 2 2 92 25 0
104 2 3 0 55 92
104 2 4 92 25 0
104 2 5 0 55 92
104 1 2 92 25 0
104 1 3 0 55 92
104 1 4 92 25 0
104 1 5 0 55 92
104 0 2 92 25 0
104 0 3 0 55 92
104 0 4 92 25 0
104 0 5 0 55 92
103 4 4 81 55 0
103 4 5 81 55 0
103 3 4 81 55 0
103 3 5 81 55 0
103 2 4 81 55 0
103 2 5 81 55 0
103 1 4 81 55 0
103 1 5 81 55 0
103 0 4 81 55 0
103 0 5 81 55 0
102 4 0 189 55 0
102 4 1 0 55 92
102 4 2 0 0 81
102 4 3 189 55 0
102 4 4 189 55 0
102 4 5 189 55 0
102 3 0 0 110 92
102 3 1 0 55 92
102 3 2 0 0 81
102 3 3 0 55 92
102 3 4 189 55 0
102 3 5 189 55 0
102 2 0 0 110 92
102 2 1 0 55 92
102 2 2 0 0 81
102 2 3 0 55 92
102 2 4 189 55 0
102 2 5 189 55 0
102 1 0 0 110 92
102 1 1 0 55 92
102 1 2 0 0 81
102 1 3 0 55 92
102 1 4 189 55 0
102 1 5 189 55 0
102 0 0 0 110 92
102 0 1 0 55 92
102 0 2 0 0 81
102 0 3 0 55 92
102 0 4 189 55 0
102 0 5 189 55 0
101 4 0 189 55 0
101 4 1 0 55 92
101 4 2 0 0 81
101 4 3 189 55 0
101 4 4 189 55 0
101 4 5 189 55 0
101 3 0 189 55 0
101 3 1 0 55 92
101 3 2 0 0 81
101 3 3 189 55 0
101 3 4 189 55 0
101 3 5 189 55 0
101 2 0 189 55 0
101 2 1 0 55 92
101 2 2 0 0 81
101 2 3 189 55 0
101 2 4 189 55 0
101 2 5 189 55 0
101 1 0 189 55 0
101 1 1 0 55 92
101 1 2 0 0 81
101 1 3 189 55 0
101 1 4 189 55 0
101 1 5 189 55 0
101 0 0 189 55 0
101 0 1 0 55 92
101 0 2 0 0 81
101 0 3 189 55 0
101 0 4 189 55 0
101 0 5 189 55 0
100 4 0 189 136 0
100 4 1 189 136 0
100 4 2 189 136 0
100 4 3 189 136 0
100 4 4 189 136 0
100 4 5 189 136 0
100 3 0 189 136 0
100 3 1 189 136 0
100 3 2 189 136 0
100 3 3 189 136 0
100 3 4 189 136 0
100 3 5 189 136 0
100 2 0 189 136 0
100 2 1 189 136 0
100 2 2 189 136 0
100 2 3 189 136 0
100 2 4 189 136 0
100 2 5 189 136 0
100 1 0 189 136 0
100 1 1 189 136 0
100 1 2 189 136 0
100 1 3 189 136 0
100 1 4 189 136 0
100 1 5 189 136 0
100 0 0 189 136 0
100 0 1 189 136 0
100 0 2 189 136 0
100 0 3 189 136 0
100 0 4 189 136 0
100 0 5 189 136 0
99 4 0 189 136 92
99 4 1 0 55 92
99 4 2 0 0 81
99 4 3 244 136 0
99 4 4 244 136 0
99 4 5 244 136 0
99 3 0 189 136 92
99 3 1 0 55 92
99 3 2 0 0 81
99 3 3 244 136 0
99 3 4 244 136 0
99 3 5 244 136 0
99 2 0 189 136 92
99 2 1 0 55 92
99 2 2 0 0 81
99 2 3 244 136 0
99 2 4 244 136 0
99 2 5 244 136 0
99 1 0 189 136 92
99 1 1 0 55 92
99 1 2 0 0 81
99 1 3 244 136 0
99 1 4 244 136 0
99 1 5 244 136 0
99 0 0 189 136 92
99 0 1 0 55 92
99 0 2 0 0 81
99 0 3 244 136 0
99 0 4 244 136 0
99 0 5 244 136 0
98 4 0 244 136 0
98 4 1 0 55 92
98 4 2 0 0 81
98 4 3 244 136 0
98 4 4 244 136 0
98 4 5 244 136 0
98 3 0 244 136 0
98 3 1 0 55 92
98 3 2 0 0 81
98 3 3 244 136 0
98 3 4 244 136 0
98 3 5 244 136 0
98 2 0 244 136 0
98 2 1 0 55 92
98 2 2 0 0 81
98 2 3 244 136 0
98 2 4 244 136 0
98 2 5 244 136 0
98 1 0 244 136 0
98 1 1 0 55 92
98 1 2 0 0 81
98 1 3 244 136 0
98 1 4 244 136 0
98 1 5 244 136 0
98 0 0 244 136 0
98 0 1 0 55 92
98 0 2 0 0 81
98 0 3 244 136 0
98 0 4 244 136 0
98 0 5 244 136 0
97 4 2 0 191 0
97 4 3 55 110 0
97 4 4 299 136 0
97 4 5 -1 -1 -1
97 3 2 0 191 0
97 3 3 55 110 0
97 3 4 299 136 0
97 3 5 -1 -1 -1
97 2 2 0 191 0
97 2 3 55 110 0
97 2 4 299 136 0
97 2 5 -1 -1 -1
97 1 2 0 191 0
97 1 3 55 110 0
97 1 4 299 136 0
97 1 5 -1 -1 -1
97 0 2 0 191 0
97 0 3 55 110 0
97 0 4 299 136 0
97 0 5 -1 -1 -1
96 4 2 0 191 43
96 4 3 -1 -1 -1
96 4 4 299 136 0
96 4 5 -1 -1 -1
96 3 2 0 191 43
96 3 3 -1 -1 -1
96 3 4 299 136 0
96 3 5 -1 -1 -1
96 2 2 0 191 43
96 2 3 -1 -1 -1
96 2 4 299 136 0
96 2 5 -1 -1 -1
96 1 2 0 191 43
96 1 3 -1 -1 -1
96 1 4 299 136 0
96 1 5 -1 -1 -1
96 0 2 0 191 43
96 0 3 -1 -1 -1
96 0 4 299 136 0
96 0 5 -1 -1 -1
95 4 2 299 136 0
95 4 3 -1 -1 -1
95 4 4 299 136 0
95 4 5 -1 -1 -1
95 3 2 299 136 0
95 3 3 -1 -1 -1
95 3 4 299 136 0
95 3 5 -1 -1 -1
95 2 2 299 136 0
95 2 3 -1 -1 -1
95 2 4 299 136 0
95 2 5 -1 -1 -1
95 1 2 299 136 0
95 1 3 -1 -1 -1
95 1 4 299 136 0
95 1 5 -1 -1 -1
95 0 2 299 136 0
95 0 3 -1 -1 -1
95 0 4 299 136 0
95 0 5 -1 -1 -1
94 4 2 299 161 0
94 4 3 -1 -1 -1
94 4 4 299 161 0
94 4 5 -1 -1 -1
94 3 2 299 161 0
94 3 3 -1 -1 -1
94 3 4 299 161 0
94 3 5 -1 -1 -1
94 2 2 299 161 0
94 2 3 -1 -1 -1
94 2 4 299 161 0
94 2 5 -1 -1 -1
94 1 2 299 161 0
94 1 3 -1 -1 -1
94 1 4 299 161 0
94 1 5 -1 -1 -1
94 0 2 299 161 0
94 0 3 -1 -1 -1
94 0 4 299 161 0
94 0 5 -1 -1 -1
93 4 2 299 161 43
93 4 3 -1 -1 -1
93 4 4 409 161 0
93 4 5 -1 -1 -1
93 3 2 299 161 43
93 3 3 -1 -1 -1
93 3 4 409 161 0
93 3 5 -1 -1 -1
93 2 2 299 161 43
93 2 3 -1 -1 -1
93 2 4 409 161 0
93 2 5 -1 -1 -1
93 1 2 299 161 43
93 1 3 -1 -1 -1
93 1 4 409 161 0
93 1 5 -1 -1 -1
93 0 2 299 161 43
93 0 3 -1 -1 -1
93 0 4 409 161 0
93 0 5 -1 -1 -1
92 4 2 409 161 0
92 4 3 -1 -1 -1
92 4 4 409 161 0
92 4 5 -1 -1 -1
92 3 2 409 161 0
92 3 3 -1 -1 -1
92 3 4 409 161 0
92 3 5 -1 -1 -1
92 2 2 409 161 0
92 2 3 -1 -1 -1
92 2 4 409 161 0
92 2 5 -1 -1 -1
92 1 2 409 161 0
92 1 3 -1 -1 -1
92 1 4 409 161 0
92 1 5 -1 -1 -1
92 0 2 409 161 0
92 0 3 -1 -1 -1
92 0 4 409 161 0
92 0 5 -1 -1 -1
91 4 4 81 55 30
91 4 5 -1 -1 -1
91 3 4 81 55 30
91 3 5 -1 -1 -1
91 2 4 81 55 30
91 2 5 -1 -1 -1
91 1 4 81 55 30
91 1 5 -1 -1 -1
91 0 4 81 55 30
91 0 5 -1 -1 -1
90 4 4 81 55 30
90 4 5 -1 -1 -1
90 3 4 81 55 30
90 3 5 -1 -1 -1
90 2 4 81 55 30
90 2 5 -1 -1 -1
90 1 4 81 55 30
90 1 5 -1 -1 -1
90 0 4 81 55 30
90 0 5 -1 -1 -1
89 4 4 81 55 30
89 4 5 -1 -1 -1
89 3 4 81 55 30
89 3 5 -1 -1 -1
89 2 4 81 55 30
89 2 5 -1 -1 -1
89 1 4 81 55 30
89 1 5 -1 -1 -1
89 0 4 81 55 30
89 0 5 -1 -1 -1
88 4 4 81 55 30
88 4 5 -1 -1 -1
88 3 4 81 55 30
88 3 5 -1 -1 -1
88 2 4 81 55 30
88 2 5 -1 -1 -1
88 1 4 81 55 30
88 1 5 -1 -1 -1
88 0 4 81 55 30
88 0 5 -1 -1 -1
87 4 4 244 55 0
87 4 5 -1 -1 -1
87 3 4 244 55 0
87 3 5 -1 -1 -1
87 2 4 244 55 0
87 2 5 -1 -1 -1
87 1 4 244 55 0
87 1 5 -1 -1 -1
87 0 4 244 55 0
87 0 5 -1 -1 -1
86 4 4 244 55 30
86 4 5 -1 -1 -1
86 3 4 244 55 30
86 3 5 -1 -1 -1
86 2 4 244 55 30
86 2 5 -1 -1 -1
86 1 4 244 55 30
86 1 5 -1 -1 -1
86 0 4 244 55 30
86 0 5 -1 -1 -1
85 4 4 352 55 0
85 4 5 -1 -1 -1
85 3 4 352 55 0
85 3 5 -1 -1 -1
85 2 4 352 55 0
85 2 5 -1 -1 -1
85 1 4 352 55 0
85 1 5 -1 -1 -1
85 0 4 352 55 0
85 0 5 -1 -1 -1
84 4 0 244 136 92
84 4 1 460 55 0
84 4 2 460 55 0
84 4 3 460 55 0
84 4 4 460 55 0
84 4 5 460 55 0
84 3 0 244 136 92
84 3 1 460 55 0
84 3 2 460 55 0
84 3 3 460 55 0
84 3 4 460 55 0
84 3 5 460 55 0
84 2 0 244 136 92
84 2 1 460 55 0
84 2 2 460 55 0
84 2 3 460 55 0
84 2 4 460 55 0
84 2 5 460 55 0
84 1 0 244 136 92
84 1 1 460 55 0
84 1 2 460 55 0
84 1 3 460 55 0
84 1 4 460 55 0
84 1 5 460 55 0
84 0 0 244 136 92
84 0 1 460 55 0
84 0 2 460 55 0
84 0 3 460 55 0
84 0 4 460 55 0
84 0 5 460 55 0
83 4 0 460 55 0
83 4 1 460 55 0
83 4 2 460 55 0
83 4 3 460 55 0
83 4 4 460 55 0
83 4 5 460 55 0
83 3 0 460 55 0
83 3 1 460 55 0
83 3 2 460 55 0
83 3 3 460 55 0
83 3 4 460 55 0
83 3 5 460 55 0
83 2 0 460 55 0
83 2 1 460 55 0
83 2 2 460 55 0
83 2 3 460 55 0
83 2 4 460 55 0
83 2 5 460 55 0
83 1 0 460 55 0
83 1 1 460 55 0
83 1 2 460 55 0
83 1 3 460 55 0
83 1 4 460 55 0
83 1 5 460 55 0
83 0 0 460 55 0
83 0 1 460 55 0
83 0 2 460 55 0
83 0 3 460 55 0
83 0 4 460 55 0
83 0 5 460 55 0
82 4 4 189 136 184
82 4 5 -1 -1 -1
82 3 4 189 136 184
82 3 5 -1 -1 -1
82 2 4 189 136 184
82 2 5 -1 -1 -1
82 1 4 189 136 184
82 1 5 -1 -1 -1
82 0 4 189 136 184
82 0 5 -1 -1 -1
81 4 4 189 136 184
81 4 5 -1 -1 -1
81 3 4 189 136 184
81 3 5 -1 -1 -1
81 2 4 189 136 184
81 2 5 -1 -1 -1
81 1 4 189 136 184
81 1 5 -1 -1 -1
81 0 4 189 136 184
81 0 5 -1 -1 -1
80 4 4 189 136 184
80 4 5 -1 -1 -1
80 3 4 189 136 184
80 3 5 -1 -1 -1
80 2 4 189 136 184
80 2 5 -1 -1 -1
80 1 4 189 136 184
80 1 5 -1 -1 -1
80 0 4 189 136 184
80 0 5 -1 -1 -1
79 4 4 189 136 184
79 4 5 -1 -1 -1
79 3 4 189 136 184
79 3 5 -1 -1 -1
79 2 4 189 136 184
79 2 5 -1 -1 -1
79 1 4 189 136 184
79 1 5 -1 -1 -1
79 0 4 189 136 184
79 0 5 -1 -1 -1
78 4 4 189 136 184
78 4 5 -1 -1 -1
78 3 4 189 136 184
78 3 5 -1 -1 -1
78 2 4 189 136 184
78 2 5 -1 -1 -1
78 1 4 189 136 184
78 1 5 -1 -1 -1
78 0 4 189 136 184
78 0 5 -1 -1 -1
77 4 0 515 55 0
77 4 1 0 55 92
77 4 2 0 0 81
77 4 3 515 55 0
77 4 4 -1 -1 -1
77 4 5 -1 -1 -1
77 3 0 515 55 0
77 3 1 0 55 92
77 3 2 0 0 81
77 3 3 515 55 0
77 3 4 -1 -1 -1
77 3 5 -1 -1 -1
77 2 0 515 55 0
77 2 1 0 55 92
77 2 2 0 0 81
77 2 3 515 55 0
77 2 4 -1 -1 -1
77 2 5 -1 -1 -1
77 1 0 515 55 0
77 1 1 0 55 92
77 1 2 0 0 81
77 1 3 515 55 0
77 1 4 -1 -1 -1
77 1 5 -1 -1 -1
77 0 0 515 55 0
77 0 1 0 55 92
77 0 2 0 0 81
77 0 3 515 55 0
77 0 4 -1 -1 -1
77 0 5 -1 -1 -1
76 4 0 515 55 0
76 4 1 0 0 81
76 4 2 0 0 81
76 4 3 515 55 0
76 4 4 -1 -1 -1
76 4 5 -1 -1 -1
76 3 0 515 55 92
76 3 1 460 55 92
76 3 2 460 55 92
76 3 3 -1 -1 -1
76 3 4 460 55 92
76 3 5 -1 -1 -1
76 2 0 515 55 0
76 2 1 0 55 92
76 2 2 81 131 0
76 2 3 515 55 0
76 2 4 -1 -1 -1
76 2 5 -1 -1 -1
76 1 0 515 55 0
76 1 1 0 0 81
76 1 2 0 0 81
76 1 3 515 55 0
76 1 4 -1 -1 -1
76 1 5 -1 -1 -1
76 0 0 515 55 92
76 0 1 460 55 92
76 0 2 460 55 92
76 0 3 -1 -1 -1
76 0 4 460 55 92
76 0 5 -1 -1 -1
75 4 0 515 55 92
75 4 1 460 55 92
75 4 2 460 55 92
75 4 3 -1 -1 -1
75 4 4 460 55 92
75 4 5 -1 -1 -1
75 3 0 515 55 0
75 3 1 0 0 81
75 3 2 0 0 81
75 3 3 515 55 0
75 3 4 -1 -1 -1
75 3 5 -1 -1 -1
75 2 0 515 55 0
75 2 1 0 55 92
75 2 2 202 0 0
75 2 3 515 55 0
75 2 4 -1 -1 -1
75 2 5 -1 -1 -1
75 1 0 515 55 92
75 1 1 460 55 92
75 1 2 460 55 92
75 1 3 -1 -1 -1
75 1 4 460 55 92
75 1 5 -1 -1 -1
75 0 0 515 55 0
75 0 1 0 0 81
75 0 2 0 0 81
75 0 3 515 55 0
75 0 4 -1 -1 -1
75 0 5 -1 -1 -1
74 4 0 515 55 0
74 4 1 0 0 81
74 4 2 0 0 81
74 4 3 515 55 0
74 4 4 -1 -1 -1
74 4 5 -1 -1 -1
74 3 0 515 55 92
74 3 1 460 55 92
74 3 2 460 55 92
74 3 3 -1 -1 -1
74 3 4 460 55 92
74 3 5 -1 -1 -1
74 2 0 515 55 0
74 2 1 0 55 92
74 2 2 81 131 0
74 2 3 515 55 0
74 2 4 -1 -1 -1
74 2 5 -1 -1 -1
74 1 0 515 55 0
74 1 1 0 0 81
74 1 2 0 0 81
74 1 3 515 55 0
74 1 4 -1 -1 -1
74 1 5 -1 -1 -1
74 0 0 515 55 92
74 0 1 460 55 92
74 0 2 460 55 92
74 0 3 -1 -1 -1
74 0 4 460 55 92
74 0 5 -1 -1 -1
73 4 0 515 55 92
73 4 1 460 55 92
73 4 2 460 55 92
73 4 3 -1 -1 -1
73 4 4 460 55 92
73 4 5 -1 -1 -1
73 3 0 460 55 92
73 3 1 0 55 92
73 3 2 0 0 81
73 3 3 -1 -1 -1
73 3 4 -1 -1 -1
73 3 5 -1 -1 -1
73 2 0 515 55 0
73 2 1 202 0 0
73 2 2 202 0 0
73 2 3 515 55 0
73 2 4 -1 -1 -1
73 2 5 -1 -1 -1
73 1 0 515 55 0
73 1 1 202 0 0
73 1 2 202 0 0
73 1 3 515 55 0
73 1 4 -1 -1 -1
73 1 5 -1 -1 -1
73 0 0 515 55 92
73 0 1 460 55 92
73 0 2 460 55 92
73 0 3 -1 -1 -1
73 0 4 460 55 92
73 0 5 -1 -1 -1
72 4 0 515 55 92
72 4 1 460 55 92
72 4 2 460 55 92
72 4 3 -1 -1 -1
72 4 4 460 55 92
72 4 5 -1 -1 -1
72 3 0 515 55 0
72 3 1 81 131 0
72 3 2 81 131 0
72 3 3 515 55 0
72 3 4 -1 -1 -1
72 3 5 -1 -1 -1
72 2 0 515 55 0
72 2 1 81 131 0
72 2 2 81 131 0
72 2 3 515 55 0
72 2 4 -1 -1 -1
72 2 5 -1 -1 -1
72 1 0 460 55 92
72 1 1 0 55 92
72 1 2 0 0 81
72 1 3 -1 -1 -1
72 1 4 -1 -1 -1
72 1 5 -1 -1 -1
72 0 0 515 55 92
72 0 1 460 55 92
72 0 2 460 55 92
72 0 3 -1 -1 -1
72 0 4 460 55 92
72 0 5 -1 -1 -1
71 4 0 515 55 92
71 4 1 460 55 92
71 4 2 460 55 92
71 4 3 -1 -1 -1
71 4 4 460 55 92
71 4 5 -1 -1 -1
71 3 0 460 55 92
71 3 1 0 55 92
71 3 2 0 0 81
71 3 3 -1 -1 -1
71 3 4 -1 -1 -1
71 3 5 -1 -1 -1
71 2 0 515 55 0
71 2 1 202 0 0
71 2 2 202 0 0
71 2 3 515 55 0
71 2 4 -1 -1 -1
71 2 5 -1 -1 -1
71 1 0 515 55 0
71 1 1 202 0 0
71 1 2 202 0 0
71 1 3 515 55 0
71 1 4 -1 -1 -1
71 1 5 -1 -1 -1
71 0 0 515 55 92
71 0 1 460 55 92
71 0 2 460 55 92
71 0 3 -1 -1 -1
71 0 4 460 55 92
71 0 5 -1 -1 -1
70 4 0 189 55 92
70 4 1 0 55 92
70 4 2 0 0 81
70 4 3 -1 -1 -1
70 4 4 -1 -1 -1
70 4 5 -1 -1 -1
70 3 0 460 55 92
70 3 1 0 55 92
70 3 2 81 131 0
70 3 3 -1 -1 -1
70 3 4 -1 -1 -1
70 3 5 -1 -1 -1
70 2 0 515 55 92
70 2 1 460 55 92
70 2 2 460 55 92
70 2 3 -1 -1 -1
70 2 4 460 55 92
70 2 5 -1 -1 -1
70 1 0 460 55 92
70 1 1 0 55 92
70 1 2 0 0 81
70 1 3 -1 -1 -1
70 1 4 -1 -1 -1
70 1 5 -1 -1 -1
70 0 0 515 55 92
70 0 1 460 55 92
70 0 2 460 55 92
70 0 3 -1 -1 -1
70 0 4 460 55 92
70 0 5 -1 -1 -1
69 4 2 409 186 0
69 4 3 -1 -1 -1
69 4 4 409 186 0
69 4 5 0 55 184
69 3 2 409 186 0
69 3 3 -1 -1 -1
69 3 4 409 186 0
69 3 5 -1 -1 -1
69 2 2 409 186 0
69 2 3 -1 -1 -1
69 2 4 409 186 0
69 2 5 0 55 184
69 1 2 409 186 0
69 1 3 -1 -1 -1
69 1 4 409 186 0
69 1 5 -1 -1 -1
69 0 2 409 186 0
69 0 3 -1 -1 -1
69 0 4 409 186 0
69 0 5 -1 -1 -1
68 4 2 409 186 0
68 4 3 -1 -1 -1
68 4 4 409 186 0
68 4 5 -1 -1 -1
68 3 2 409 186 0
68 3 3 -1 -1 -1
68 3 4 409 186 0
68 3 5 -1 -1 -1
68 2 2 409 186 0
68 2 3 -1 -1 -1
68 2 4 409 186 0
68 2 5 0 55 184
68 1 2 409 186 0
68 1 3 -1 -1 -1
68 1 4 409 186 0
68 1 5 -1 -1 -1
68 0 2 409 186 0
68 0 3 -1 -1 -1
68 0 4 409 186 0
68 0 5 0 55 184
67 4 4 189 136 184
67 4 5 -1 -1 -1
67 3 4 189 136 184
67 3 5 -1 -1 -1
67 2 4 189 136 184
67 2 5 -1 -1 -1
67 1 4 189 136 184
67 1 5 -1 -1 -1
67 0 4 189 136 184
67 0 5 -1 -1 -1
66 4 4 189 136 184
66 4 5 -1 -1 -1
66 3 4 189 136 184
66 3 5 -1 -1 -1
66 2 4 189 136 184
66 2 5 -1 -1 -1
66 1 4 189 136 184
66 1 5 -1 -1 -1
66 0 4 189 136 184
66 0 5 -1 -1 -1
65 4 4 189 136 184
65 4 5 -1 -1 -1
65 3 4 189 136 184
65 3 5 -1 -1 -1
65 2 4 189 136 184
65 2 5 -1 -1 -1
65 1 4 189 136 184
65 1 5 -1 -1 -1
65 0 4 189 136 184
65 0 5 -1 -1 -1
64 4 4 189 136 184
64 4 5 -1 -1 -1
64 3 4 189 136 184
64 3 5 -1 -1 -1
64 2 4 189 136 184
64 2 5 -1 -1 -1
64 1 4 189 136 184
64 1 5 -1 -1 -1
64 0 4 189 136 184
64 0 5 -1 -1 -1
63 4 4 189 136 184
63 4 5 -1 -1 -1
63 3 4 189 136 184
63 3 5 -1 -1 -1
63 2 4 189 136 184
63 2 5 -1 -1 -1
63 1 4 189 136 184
63 1 5 -1 -1 -1
63 0 4 189 136 184
63 0 5 -1 -1 -1
62 4 4 189 136 184
62 4 5 -1 -1 -1
62 3 4 189 136 184
62 3 5 -1 -1 -1
62 2 4 189 136 184
62 2 5 -1 -1 -1
62 1 4 189 136 184
62 1 5 -1 -1 -1
62 0 4 189 136 184
62 0 5 -1 -1 -1
61 4 0 460 55 92
61 4 1 0 0 81
61 4 2 0 0 81
61 4 3 -1 -1 -1
61 4 4 -1 -1 -1
61 4 5 -1 -1 -1
61 3 0 189 55 92
61 3 1 0 55 92
61 3 2 0 0 81
61 3 3 -1 -1 -1
61 3 4 -1 -1 -1
61 3 5 -1 -1 -1
61 2 0 460 55 92
61 2 1 0 0 81
61 2 2 0 0 81
61 2 3 -1 -1 -1
61 2 4 -1 -1 -1
61 2 5 -1 -1 -1
61 1 0 460 55 92
61 1 1 0 55 92
61 1 2 202 0 0
61 1 3 -1 -1 -1
61 1 4 -1 -1 -1
61 1 5 -1 -1 -1
61 0 0 189 55 92
61 0 1 0 55 92
61 0 2 0 0 81
61 0 3 -1 -1 -1
61 0 4 -1 -1 -1
61 0 5 -1 -1 -1
60 4 0 189 55 92
60 4 1 0 55 92
60 4 2 0 0 81
60 4 3 -1 -1 -1
60 4 4 -1 -1 -1
60 4 5 -1 -1 -1
60 3 0 460 55 92
60 3 1 0 55 92
60 3 2 81 131 0
60 3 3 -1 -1 -1
60 3 4 -1 -1 -1
60 3 5 -1 -1 -1
60 2 0 460 55 92
60 2 1 0 0 81
60 2 2 0 0 81
60 2 3 -1 -1 -1
60 2 4 -1 -1 -1
60 2 5 -1 -1 -1
60 1 0 189 55 92
60 1 1 0 55 92
60 1 2 0 0 81
60 1 3 -1 -1 -1
60 1 4 -1 -1 -1
60 1 5 -1 -1 -1
60 0 0 460 55 92
60 0 1 0 0 81
60 0 2 0 0 81
60 0 3 -1 -1 -1
60 0 4 -1 -1 -1
60 0 5 -1 -1 -1
59 4 2 409 186 0
59 4 3 -1 -1 -1
59 4 4 409 186 0
59 4 5 0 55 184
59 3 2 409 186 0
59 3 3 -1 -1 -1
59 3 4 409 186 0
59 3 5 -1 -1 -1
59 2 2 409 186 0
59 2 3 -1 -1 -1
59 2 4 409 186 0
59 2 5 0 55 184
59 1 2 409 186 0
59 1 3 -1 -1 -1
59 1 4 409 186 0
59 1 5 -1 -1 -1
59 0 2 409 186 0
59 0 3 -1 -1 -1
59 0 4 409 186 0
59 0 5 -1 -1 -1
58 4 2 409 186 0
58 4 3 -1 -1 -1
58 4 4 409 186 0
58 4 5 -1 -1 -1
58 3 2 409 186 0
58 3 3 -1 -1 -1
58 3 4 409 186 0
58 3 5 -1 -1 -1
58 2 2 409 186 0
58 2 3 -1 -1 -1
58 2 4 409 186 0
58 2 5 0 55 184
58 1 2 409 186 0
58 1 3 -1 -1 -1
58 1 4 409 186 0
58 1 5 -1 -1 -1
58 0 2 409 186 0
58 0 3 -1 -1 -1
58 0 4 409 186 0
58 0 5 0 55 184
57 4 2 409 186 0
57 4 3 -1 -1 -1
57 4 4 409 186 0
57 4 5 0 55 184
57 3 2 409 186 0
57 3 3 -1 -1 -1
57 3 4 409 186 0
57 3 5 -1 -1 -1
57 2 2 409 186 0
57 2 3 -1 -1 -1
57 2 4 409 186 0
57 2 5 0 55 184
57 1 2 409 186 0
57 1 3 -1 -1 -1
57 1 4 409 186 0
57 1 5 -1 -1 -1
57 0 2 409 186 0
57 0 3 -1 -1 -1
57 0 4 409 186 0
57 0 5 -1 -1 -1
56 4 4 189 136 184
56 4 5 -1 -1 -1
56 3 4 189 136 184
56 3 5 -1 -1 -1
56 2 4 189 136 184
56 2 5 -1 -1 -1
56 1 4 189 136 184
56 1 5 -1 -1 -1
56 0 4 189 136 184
56 0 5 -1 -1 -1
55 4 4 189 136 184
55 4 5 -1 -1 -1
55 3 4 189 136 184
55 3 5 -1 -1 -1
55 2 4 189 136 184
55 2 5 -1 -1 -1
55 1 4 189 136 184
55 1 5 -1 -1 -1
55 0 4 189 136 184
55 0 5 -1 -1 -1
54 4 0 189 55 92
54 4 1 0 55 92
54 4 2 0 0 81
54 4 3 -1 -1 -1
54 4 4 -1 -1 -1
54 4 5 -1 -1 -1
54 3 0 460 55 92
54 3 1 0 55 92
54 3 2 81 131 0
54 3 3 -1 -1 -1
54 3 4 -1 -1 -1
54 3 5 -1 -1 -1
54 2 0 460 55 92
54 2 1 0 0 81
54 2 2 0 0 81
54 2 3 -1 -1 -1
54 2 4 -1 -1 -1
54 2 5 -1 -1 -1
54 1 0 189 55 92
54 1 1 0 55 92
54 1 2 0 0 81
54 1 3 -1 -1 -1
54 1 4 -1 -1 -1
54 1 5 -1 -1 -1
54 0 0 460 55 92
54 0 1 0 0 81
54 0 2 0 0 81
54 0 3 -1 -1 -1
54 0 4 -1 -1 -1
54 0 5 -1 -1 -1
53 4 0 460 55 92
53 4 1 0 0 81
53 4 2 0 0 81
53 4 3 -1 -1 -1
53 4 4 -1 -1 -1
53 4 5 -1 -1 -1
53 3 0 189 55 92
53 3 1 0 55 92
53 3 2 0 0 81
53 3 3 -1 -1 -1
53 3 4 -1 -1 -1
53 3 5 -1 -1 -1
53 2 0 460 55 92
53 2 1 0 0 81
53 2 2 0 0 81
53 2 3 -1 -1 -1
53 2 4 -1 -1 -1
53 2 5 -1 -1 -1
53 1 0 460 55 92
53 1 1 0 55 92
53 1 2 202 0 0
53 1 3 -1 -1 -1
53 1 4 -1 -1 -1
53 1 5 -1 -1 -1
53 0 0 189 55 92
53 0 1 0 55 92
53 0 2 0 0 81
53 0 3 -1 -1 -1
53 0 4 -1 -1 -1
53 0 5 -1 -1 -1
52 4 0 189 55 92
52 4 1 0 55 92
52 4 2 0 0 81
52 4 3 -1 -1 -1
52 4 4 -1 -1 -1
52 4 5 -1 -1 -1
52 3 0 460 55 92
52 3 1 0 55 92
52 3 2 81 131 0
52 3 3 -1 -1 -1
52 3 4 -1 -1 -1
52 3 5 -1 -1 -1
52 2 0 460 55 92
52 2 1 0 0 81
52 2 2 0 0 81
52 2 3 -1 -1 -1
52 2 4 -1 -1 -1
52 2 5 -1 -1 -1
52 1 0 189 55 92
52 1 1 0 55 92
52 1 2 0 0 81
52 1 3 -1 -1 -1
52 1 4 -1 -1 -1
52 1 5 -1 -1 -1
52 0 0 460 55 92
52 0 1 0 0 81
52 0 2 0 0 81
52 0 3 -1 -1 -1
52 0 4 -1 -1 -1
52 0 5 -1 -1 -1
51 4 0 460 55 92
51 4 1 202 0 0
51 4 2 202 0 0
51 4 3 -1 -1 -1
51 4 4 -1 -1 -1
51 4 5 -1 -1 -1
51 3 0 189 55 92
51 3 1 0 55 92
51 3 2 202 0 0
51 3 3 -1 -1 -1
51 3 4 -1 -1 -1
51 3 5 -1 -1 -1
51 2 0 189 55 92
51 2 1 0 55 92
51 2 2 202 0 0
51 2 3 -1 -1 -1
51 2 4 -1 -1 -1
51 2 5 -1 -1 -1
51 1 0 189 55 92
51 1 1 0 0 81
51 1 2 0 0 81
51 1 3 -1 -1 -1
51 1 4 -1 -1 -1
51 1 5 -1 -1 -1
51 0 0 -1 -1 -1
51 0 1 0 55 92
51 0 2 0 0 81
51 0 3 -1 -1 -1
51 0 4 -1 -1 -1
51 0 5 -1 -1 -1
50 4 0 189 55 92
50 4 1 81 131 0
50 4 2 81 131 0
50 4 3 -1 -1 -1
50 4 4 -1 -1 -1
50 4 5 -1 -1 -1
50 3 0 -1 -1 -1
50 3 1 0 55 92
50 3 2 81 131 0
50 3 3 -1 -1 -1
50 3 4 -1 -1 -1
50 3 5 -1 -1 -1
50 2 0 460 55 92
50 2 1 294 0 0
50 2 2 294 0 0
50 2 3 -1 -1 -1
50 2 4 -1 -1 -1
50 2 5 -1 -1 -1
50 1 0 460 55 92
50 1 1 283 0 0
50 1 2 283 0 0
50 1 3 -1 -1 -1
50 1 4 -1 -1 -1
50 1 5 -1 -1 -1
50 0 0 189 55 92
50 0 1 81 131 0
50 0 2 81 131 0
50 0 3 -1 -1 -1
50 0 4 -1 -1 -1
50 0 5 -1 -1 -1
49 4 0 189 55 92
49 4 1 283 0 0
49 4 2 283 0 0
49 4 3 -1 -1 -1
49 4 4 -1 -1 -1
49 4 5 -1 -1 -1
49 3 0 460 55 92
49 3 1 294 0 92
49 3 2 375 0 0
49 3 3 -1 -1 -1
49 3 4 -1 -1 -1
49 3 5 -1 -1 -1
49 2 0 189 55 92
49 2 1 294 0 0
49 2 2 294 0 0
49 2 3 -1 -1 -1
49 2 4 -1 -1 -1
49 2 5 -1 -1 -1
49 1 0 -1 -1 -1
49 1 1 202 0 0
49 1 2 202 0 0
49 1 3 -1 -1 -1
49 1 4 -1 -1 -1
49 1 5 -1 -1 -1
49 0 0 -1 -1 -1
49 0 1 202 0 0
49 0 2 202 0 0
49 0 3 -1 -1 -1
49 0 4 -1 -1 -1
49 0 5 -1 -1 -1
48 4 0 460 55 92
48 4 1 375 0 0
48 4 2 375 0 0
48 4 3 -1 -1 -1
48 4 4 -1 -1 -1
48 4 5 -1 -1 -1
48 3 0 189 55 92
48 3 1 294 0 92
48 3 2 375 0 0
48 3 3 -1 -1 -1
48 3 4 -1 -1 -1
48 3 5 -1 -1 -1
48 2 0 189 55 92
48 2 1 283 0 92
48 2 2 364 0 0
48 2 3 -1 -1 -1
48 2 4 -1 -1 -1
48 2 5 -1 -1 -1
48 1 0 -1 -1 -1
48 1 1 283 0 0
48 1 2 283 0 0
48 1 3 -1 -1 -1
48 1 4 -1 -1 -1
48 1 5 -1 -1 -1
48 0 0 460 55 92
48 0 1 294 0 92
48 0 2 375 0 0
48 0 3 -1 -1 -1
48 0 4 -1 -1 -1
48 0 5 -1 -1 -1
47 4 2 409 186 0
47 4 3 -1 -1 -1
47 4 4 409 186 0
47 4 5 0 55 184
47 3 2 409 186 0
47 3 3 202 25 92
47 3 4 409 186 0
47 3 5 0 55 184
47 2 2 409 186 0
47 2 3 -1 -1 -1
47 2 4 409 186 0
47 2 5 0 55 184
47 1 2 409 186 0
47 1 3 -1 -1 -1
47 1 4 409 186 0
47 1 5 0 55 184
47 0 2 409 186 0
47 0 3 -1 -1 -1
47 0 4 409 186 0
47 0 5 0 55 184
46 4 2 409 186 0
46 4 3 -1 -1 -1
46 4 4 409 186 0
46 4 5 0 55 184
46 3 2 409 186 0
46 3 3 -1 -1 -1
46 3 4 409 186 0
46 3 5 0 55 184
46 2 2 409 186 0
46 2 3 202 25 92
46 2 4 409 186 0
46 2 5 0 55 184
46 1 2 409 186 0
46 1 3 -1 -1 -1
46 1 4 409 186 0
46 1 5 0 55 184
46 0 2 409 186 0
46 0 3 -1 -1 -1
46 0 4 409 186 0
46 0 5 0 55 184
45 4 2 409 186 0
45 4 3 -1 -1 -1
45 4 4 409 186 0
45 4 5 0 55 184
45 3 2 409 186 0
45 3 3 202 25 92
45 3 4 409 186 0
45 3 5 0 55 184
45 2 2 409 186 0
45 2 3 -1 -1 -1
45 2 4 409 186 0
45 2 5 0 55 184
45 1 2 409 186 0
45 1 3 -1 -1 -1
45 1 4 409 186 0
45 1 5 0 55 184
45 0 2 409 186 0
45 0 3 -1 -1 -1
45 0 4 409 186 0
45 0 5 0 55 184
44 4 4 189 136 184
44 4 5 -1 -1 -1
44 3 4 189 136 184
44 3 5 -1 -1 -1
44 2 4 189 136 184
44 2 5 -1 -1 -1
44 1 4 189 136 184
44 1 5 -1 -1 -1
44 0 4 189 136 184
44 0 5 -1 -1 -1
43 4 4 189 136 184
43 4 5 -1 -1 -1
43 3 4 189 136 184
43 3 5 -1 -1 -1
43 2 4 189 136 184
43 2 5 -1 -1 -1
43 1 4 189 136 184
43 1 5 -1 -1 -1
43 0 4 189 136 184
43 0 5 -1 -1 -1
42 4 4 189 136 184
42 4 5 -1 -1 -1
42 3 4 189 136 184
42 3 5 -1 -1 -1
42 2 4 189 136 184
42 2 5 -1 -1 -1
42 1 4 189 136 184
42 1 5 -1 -1 -1
42 0 4 189 136 184
42 0 5 -1 -1 -1
41 4 0 189 55 92
41 4 1 294 0 92
41 4 2 375 0 0
41 4 3 -1 -1 -1
41 4 4 -1 -1 -1
41 4 5 -1 -1 -1
41 3 0 189 55 92
41 3 1 283 0 92
41 3 2 364 0 0
41 3 3 -1 -1 -1
41 3 4 -1 -1 -1
41 3 5 -1 -1 -1
41 2 0 189 55 92
41 2 1 294 0 92
41 2 2 375 0 0
41 2 3 -1 -1 -1
41 2 4 -1 -1 -1
41 2 5 -1 -1 -1
41 1 0 460 55 92
41 1 1 375 0 0
41 1 2 375 0 0
41 1 3 -1 -1 -1
41 1 4 -1 -1 -1
41 1 5 -1 -1 -1
41 0 0 460 55 92
41 0 1 294 0 92
41 0 2 375 0 0
41 0 3 -1 -1 -1
41 0 4 -1 -1 -1
41 0 5 -1 -1 -1
40 4 0 460 55 92
40 4 1 375 0 0
40 4 2 375 0 0
40 4 3 -1 -1 -1
40 4 4 -1 -1 -1
40 4 5 -1 -1 -1
40 3 0 189 55 92
40 3 1 294 0 92
40 3 2 375 0 0
40 3 3 -1 -1 -1
40 3 4 -1 -1 -1
40 3 5 -1 -1 -1
40 2 0 189 55 92
40 2 1 283 0 92
40 2 2 364 0 0
40 2 3 -1 -1 -1
40 2 4 -1 -1 -1
40 2 5 -1 -1 -1
40 1 0 189 55 92
40 1 1 294 0 92
40 1 2 375 0 0
40 1 3 -1 -1 -1
40 1 4 -1 -1 -1
40 1 5 -1 -1 -1
40 0 0 460 55 92
40 0 1 294 0 92
40 0 2 375 0 0
40 0 3 -1 -1 -1
40 0 4 -1 -1 -1
40 0 5 -1 -1 -1
39 4 0 189 55 92
39 4 1 294 0 92
39 4 2 375 0 0
39 4 3 -1 -1 -1
39 4 4 -1 -1 -1
39 4 5 -1 -1 -1
39 3 0 189 55 92
39 3 1 294 0 92
39 3 2 375 0 0
39 3 3 -1 -1 -1
39 3 4 -1 -1 -1
39 3 5 -1 -1 -1
39 2 0 189 55 92
39 2 1 283 0 92
39 2 2 364 0 0
39 2 3 -1 -1 -1
39 2 4 -1 -1 -1
39 2 5 -1 -1 -1
39 1 0 189 55 92
39 1 1 294 0 92
39 1 2 375 0 0
39 1 3 -1 -1 -1
39 1 4 -1 -1 -1
39 1 5 -1 -1 -1
39 0 0 460 55 92
39 0 1 375 0 0
39 0 2 375 0 0
39 0 3 -1 -1 -1
39 0 4 -1 -1 -1
39 0 5 -1 -1 -1
38 4 2 409 186 0
38 4 3 -1 -1 -1
38 4 4 409 186 0
38 4 5 0 55 184
38 3 2 409 186 0
38 3 3 -1 -1 -1
38 3 4 409 186 0
38 3 5 0 55 184
38 2 2 409 186 0
38 2 3 -1 -1 -1
38 2 4 409 186 0
38 2 5 0 55 184
38 1 2 409 186 0
38 1 3 -1 -1 -1
38 1 4 409 186 0
38 1 5 0 55 184
38 0 2 409 186 0
38 0 3 -1 -1 -1
38 0 4 409 186 0
38 0 5 0 55 184
37 4 2 409 186 43
37 4 3 -1 -1 -1
37 4 4 409 161 43
37 4 5 0 55 184
37 3 2 409 186 0
37 3 3 -1 -1 -1
37 3 4 409 186 0
37 3 5 -1 -1 -1
37 2 2 409 186 43
37 2 3 -1 -1 -1
37 2 4 409 161 43
37 2 5 0 55 184
37 1 2 409 186 0
37 1 3 -1 -1 -1
37 1 4 409 186 0
37 1 5 189 55 184
37 0 2 409 186 43
37 0 3 -1 -1 -1
37 0 4 409 161 43
37 0 5 0 55 184
36 4 4 189 136 184
36 4 5 -1 -1 -1
36 3 4 189 136 184
36 3 5 -1 -1 -1
36 2 4 189 136 184
36 2 5 -1 -1 -1
36 1 4 189 136 184
36 1 5 -1 -1 -1
36 0 4 189 136 184
36 0 5 -1 -1 -1
35 4 4 189 136 184
35 4 5 -1 -1 -1
35 3 4 189 136 184
35 3 5 -1 -1 -1
35 2 4 189 136 184
35 2 5 -1 -1 -1
35 1 4 189 136 184
35 1 5 -1 -1 -1
35 0 4 189 136 184
35 0 5 -1 -1 -1
34 4 4 189 136 184
34 4 5 -1 -1 -1
34 3 4 189 136 184
34 3 5 -1 -1 -1
34 2 4 189 136 184
34 2 5 -1 -1 -1
34 1 4 189 136 184
34 1 5 -1 -1 -1
34 0 4 189 136 184
34 0 5 -1 -1 -1
33 4 4 189 136 184
33 4 5 -1 -1 -1
33 3 4 189 136 184
33 3 5 -1 -1 -1
33 2 4 189 136 184
33 2 5 -1 -1 -1
33 1 4 189 136 184
33 1 5 -1 -1 -1
33 0 4 189 136 184
33 0 5 -1 -1 -1
32 4 0 189 55 92
32 4 1 375 0 0
32 4 2 375 0 0
32 4 3 -1 -1 -1
32 4 4 -1 -1 -1
32 4 5 -1 -1 -1
32 3 0 189 55 92
32 3 1 375 0 0
32 3 2 375 0 0
32 3 3 -1 -1 -1
32 3 4 -1 -1 -1
32 3 5 -1 -1 -1
32 2 0 189 55 92
32 2 1 375 0 0
32 2 2 375 0 0
32 2 3 -1 -1 -1
32 2 4 -1 -1 -1
32 2 5 -1 -1 -1
32 1 0 -1 -1 -1
32 1 1 294 0 92
32 1 2 375 0 0
32 1 3 -1 -1 -1
32 1 4 -1 -1 -1
32 1 5 -1 -1 -1
32 0 0 -1 -1 -1
32 0 1 294 0 92
32 0 2 375 0 0
32 0 3 -1 -1 -1
32 0 4 -1 -1 -1
32 0 5 -1 -1 -1
31 4 0 -1 -1 -1
31 4 1 375 0 0
31 4 2 375 0 0
31 4 3 -1 -1 -1
31 4 4 -1 -1 -1
31 4 5 -1 -1 -1
31 3 0 189 55 92
31 3 1 375 0 92
31 3 2 456 0 0
31 3 3 -1 -1 -1
31 3 4 -1 -1 -1
31 3 5 -1 -1 -1
31 2 0 -1 -1 -1
31 2 1 375 0 0
31 2 2 375 0 0
31 2 3 -1 -1 -1
31 2 4 -1 -1 -1
31 2 5 -1 -1 -1
31 1 0 189 55 92
31 1 1 375 0 92
31 1 2 456 0 0
31 1 3 -1 -1 -1
31 1 4 -1 -1 -1
31 1 5 -1 -1 -1
31 0 0 -1 -1 -1
31 0 1 375 0 0
31 0 2 375 0 0
31 0 3 -1 -1 -1
31 0 4 -1 -1 -1
31 0 5 -1 -1 -1
30 4 0 -1 -1 -1
30 4 1 375 0 92
30 4 2 456 0 0
30 4 3 -1 -1 -1
30 4 4 -1 -1 -1
30 4 5 -1 -1 -1
30 3 0 -1 -1 -1
30 3 1 375 0 92
30 3 2 456 0 0
30 3 3 -1 -1 -1
30 3 4 -1 -1 -1
30 3 5 -1 -1 -1
30 2 0 189 55 92
30 2 1 456 0 0
30 2 2 456 0 0
30 2 3 -1 -1 -1
30 2 4 -1 -1 -1
30 2 5 -1 -1 -1
30 1 0 -1 -1 -1
30 1 1 375 0 92
30 1 2 456 0 0
30 1 3 -1 -1 -1
30 1 4 -1 -1 -1
30 1 5 -1 -1 -1
30 0 0 -1 -1 -1
30 0 1 375 0 92
30 0 2 456 0 0
30 0 3 -1 -1 -1
30 0 4 -1 -1 -1
30 0 5 -1 -1 -1
29 4 2 460 136 0
29 4 3 -1 -1 -1
29 4 4 294 0 184
29 4 5 0 55 184
29 3 2 460 136 0
29 3 3 -1 -1 -1
29 3 4 294 0 184
29 3 5 0 55 184
29 2 2 460 136 0
29 2 3 -1 -1 -1
29 2 4 294 0 184
29 2 5 0 55 184
29 1 2 460 136 0
29 1 3 -1 -1 -1
29 1 4 294 0 184
29 1 5 0 55 184
29 0 2 409 186 43
29 0 3 -1 -1 -1
29 0 4 294 0 184
29 0 5 189 55 184
28 4 2 460 136 0
28 4 3 -1 -1 -1
28 4 4 189 136 184
28 4 5 0 55 184
28 3 2 460 136 43
28 3 3 -1 -1 -1
28 3 4 294 0 184
28 3 5 0 55 184
28 2 2 460 136 0
28 2 3 -1 -1 -1
28 2 4 294 0 184
28 2 5 189 55 184
28 1 2 460 136 0
28 1 3 -1 -1 -1
28 1 4 189 136 184
28 1 5 0 55 184
28 0 2 460 136 43
28 0 3 -1 -1 -1
28 0 4 294 0 184
28 0 5 0 55 184
27 4 2 460 136 43
27 4 3 -1 -1 -1
27 4 4 294 0 184
27 4 5 -1 -1 -1
27 3 2 460 136 43
27 3 3 -1 -1 -1
27 3 4 189 136 184
27 3 5 0 55 184
27 2 2 409 161 43
27 2 3 -1 -1 -1
27 2 4 294 0 184
27 2 5 0 55 184
27 1 2 460 136 0
27 1 3 -1 -1 -1
27 1 4 189 136 184
27 1 5 -1 -1 -1
27 0 2 460 136 43
27 0 3 -1 -1 -1
27 0 4 189 136 184
27 0 5 0 55 184
26 4 2 299 136 43
26 4 3 -1 -1 -1
26 4 4 294 0 184
26 4 5 0 55 184
26 3 2 460 136 43
26 3 3 -1 -1 -1
26 3 4 189 136 184
26 3 5 -1 -1 -1
26 2 2 409 161 43
26 2 3 -1 -1 -1
26 2 4 189 136 184
26 2 5 0 55 184
26 1 2 460 136 43
26 1 3 -1 -1 -1
26 1 4 189 136 184
26 1 5 -1 -1 -1
26 0 2 409 161 43
26 0 3 -1 -1 -1
26 0 4 294 0 184
26 0 5 -1 -1 -1
25 4 4 189 136 184
25 4 5 -1 -1 -1
25 3 4 189 136 184
25 3 5 -1 -1 -1
25 2 4 189 136 184
25 2 5 -1 -1 -1
25 1 4 189 136 184
25 1 5 -1 -1 -1
25 0 4 189 136 184
25 0 5 -1 -1 -1
24 4 4 189 136 184
24 4 5 -1 -1 -1
24 3 4 189 136 184
24 3 5 -1 -1 -1
24 2 4 189 136 184
24 2 5 -1 -1 -1
24 1 4 189 136 184
24 1 5 -1 -1 -1
24 0 4 189 136 184
24 0 5 -1 -1 -1
23 4 4 189 136 184
23 4 5 -1 -1 -1
23 3 4 189 136 184
23 3 5 -1 -1 -1
23 2 4 189 136 184
23 2 5 -1 -1 -1
23 1 4 189 136 184
23 1 5 -1 -1 -1
23 0 4 189 136 184
23 0 5 -1 -1 -1
22 4 0 189 55 92
22 4 1 456 0 92
22 4 2 202 0 81
22 4 3 -1 -1 -1
22 4 4 -1 -1 -1
22 4 5 -1 -1 -1
22 3 0 189 55 92
22 3 1 456 0 92
22 3 2 202 0 81
22 3 3 -1 -1 -1
22 3 4 -1 -1 -1
22 3 5 -1 -1 -1
22 2 0 189 55 92
22 2 1 456 0 92
22 2 2 202 0 81
22 2 3 -1 -1 -1
22 2 4 -1 -1 -1
22 2 5 -1 -1 -1
22 1 0 189 55 92
22 1 1 456 0 92
22 1 2 202 0 81
22 1 3 -1 -1 -1
22 1 4 -1 -1 -1
22 1 5 -1 -1 -1
22 0 0 189 55 92
22 0 1 456 0 92
22 0 2 202 0 81
22 0 3 -1 -1 -1
22 0 4 -1 -1 -1
22 0 5 -1 -1 -1
21 4 0 189 55 92
21 4 1 202 0 81
21 4 2 202 0 81
21 4 3 -1 -1 -1
21 4 4 -1 -1 -1
21 4 5 -1 -1 -1
21 3 0 -1 -1 -1
21 3 1 456 0 92
21 3 2 202 0 81
21 3 3 -1 -1 -1
21 3 4 -1 -1 -1
21 3 5 -1 -1 -1
21 2 0 189 55 92
21 2 1 456 0 92
21 2 2 81 131 0
21 2 3 -1 -1 -1
21 2 4 -1 -1 -1
21 2 5 -1 -1 -1
21 1 0 189 55 92
21 1 1 202 0 81
21 1 2 202 0 81
21 1 3 -1 -1 -1
21 1 4 -1 -1 -1
21 1 5 -1 -1 -1
21 0 0 -1 -1 -1
21 0 1 456 0 92
21 0 2 202 0 81
21 0 3 -1 -1 -1
21 0 4 -1 -1 -1
21 0 5 -1 -1 -1
20 4 0 -1 -1 -1
20 4 1 456 0 92
20 4 2 81 131 0
20 4 3 -1 -1 -1
20 4 4 -1 -1 -1
20 4 5 -1 -1 -1
20 3 0 -1 -1 -1
20 3 1 202 0 81
20 3 2 202 0 81
20 3 3 -1 -1 -1
20 3 4 -1 -1 -1
20 3 5 -1 -1 -1
20 2 0 189 55 92
20 2 1 81 131 0
20 2 2 81 131 0
20 2 3 -1 -1 -1
20 2 4 -1 -1 -1
20 2 5 -1 -1 -1
20 1 0 189 55 92
20 1 1 81 131 0
20 1 2 81 131 0
20 1 3 -1 -1 -1
20 1 4 -1 -1 -1
20 1 5 -1 -1 -1
20 0 0 -1 -1 -1
20 0 1 202 0 81
20 0 2 202 0 81
20 0 3 -1 -1 -1
20 0 4 -1 -1 -1
20 0 5 -1 -1 -1
19 4 2 299 136 43
19 4 3 -1 -1 -1
19 4 4 409 161 86
19 4 5 0 55 184
19 3 2 299 136 43
19 3 3 -1 -1 -1
19 3 4 409 161 86
19 3 5 0 55 184
19 2 2 299 136 43
19 2 3 -1 -1 -1
19 2 4 409 161 86
19 2 5 0 55 184
19 1 2 299 136 43
19 1 3 -1 -1 -1
19 1 4 409 161 86
19 1 5 0 55 184
19 0 2 299 136 43
19 0 3 -1 -1 -1
19 0 4 409 161 86
19 0 5 0 55 184
18 4 2 299 136 43
18 4 3 -1 -1 -1
18 4 4 189 136 184
18 4 5 0 55 184
18 3 2 92 25 43
18 3 3 -1 -1 -1
18 3 4 409 161 86
18 3 5 0 55 184
18 2 2 299 136 43
18 2 3 -1 -1 -1
18 2 4 409 161 86
18 2 5 189 55 184
18 1 2 299 136 43
18 1 3 -1 -1 -1
18 1 4 189 136 184
18 1 5 0 55 184
18 0 2 92 25 43
18 0 3 -1 -1 -1
18 0 4 409 161 86
18 0 5 0 55 184
17 4 2 92 25 43
17 4 3 -1 -1 -1
17 4 4 409 161 86
17 4 5 189 55 184
17 3 2 92 25 43
17 3 3 -1 -1 -1
17 3 4 189 136 184
17 3 5 0 55 184
17 2 2 299 186 0
17 2 3 -1 -1 -1
17 2 4 92 0 86
17 2 5 0 55 184
17 1 2 299 136 43
17 1 3 -1 -1 -1
17 1 4 189 136 184
17 1 5 189 55 184
17 0 2 92 25 43
17 0 3 -1 -1 -1
17 0 4 189 136 184
17 0 5 0 55 184
16 4 4 189 136 184
16 4 5 -1 -1 -1
16 3 4 189 136 184
16 3 5 -1 -1 -1
16 2 4 189 136 184
16 2 5 -1 -1 -1
16 1 4 189 136 184
16 1 5 -1 -1 -1
16 0 4 189 136 184
16 0 5 -1 -1 -1
15 4 4 189 136 184
15 4 5 -1 -1 -1
15 3 4 189 136 184
15 3 5 -1 -1 -1
15 2 4 189 136 184
15 2 5 -1 -1 -1
15 1 4 189 136 184
15 1 5 -1 -1 -1
15 0 4 189 136 184
15 0 5 -1 -1 -1
14 4 4 460 55 184
14 4 5 -1 -1 -1
14 3 4 460 55 184
14 3 5 -1 -1 -1
14 2 4 189 136 184
14 2 5 -1 -1 -1
14 1 4 189 136 184
14 1 5 -1 -1 -1
14 0 4 189 136 184
14 0 5 -1 -1 -1
13 4 0 -1 -1 -1
13 4 1 81 131 0
13 4 2 81 131 0
13 4 3 -1 -1 -1
13 4 4 -1 -1 -1
13 4 5 -1 -1 -1
13 3 0 -1 -1 -1
13 3 1 81 131 0
13 3 2 81 131 0
13 3 3 -1 -1 -1
13 3 4 -1 -1 -1
13 3 5 -1 -1 -1
13 2 0 -1 -1 -1
13 2 1 81 131 0
13 2 2 81 131 0
13 2 3 -1 -1 -1
13 2 4 -1 -1 -1
13 2 5 -1 -1 -1
13 1 0 -1 -1 -1
13 1 1 81 131 0
13 1 2 81 131 0
13 1 3 -1 -1 -1
13 1 4 -1 -1 -1
13 1 5 -1 -1 -1
13 0 0 -1 -1 -1
13 0 1 81 131 0
13 0 2 81 131 0
13 0 3 -1 -1 -1
13 0 4 -1 -1 -1
13 0 5 -1 -1 -1
12 4 0 -1 -1 -1
12 4 1 81 131 92
12 4 2 -1 -1 -1
12 4 3 -1 -1 -1
12 4 4 -1 -1 -1
12 4 5 -1 -1 -1
12 3 0 -1 -1 -1
12 3 1 81 131 81
12 3 2 81 131 81
12 3 3 -1 -1 -1
12 3 4 -1 -1 -1
12 3 5 -1 -1 -1
12 2 0 -1 -1 -1
12 2 1 81 131 92
12 2 2 -1 -1 -1
12 2 3 -1 -1 -1
12 2 4 -1 -1 -1
12 2 5 -1 -1 -1
12 1 0 -1 -1 -1
12 1 1 81 131 81
12 1 2 81 131 81
12 1 3 -1 -1 -1
12 1 4 -1 -1 -1
12 1 5 -1 -1 -1
12 0 0 -1 -1 -1
12 0 1 81 131 92
12 0 2 -1 -1 -1
12 0 3 -1 -1 -1
12 0 4 -1 -1 -1
12 0 5 -1 -1 -1
11 4 2 299 186 0
11 4 3 -1 -1 -1
11 4 4 92 0 86
11 4 5 -1 -1 -1
11 3 2 92 25 43
11 3 3 -1 -1 -1
11 3 4 404 0 184
11 3 5 -1 -1 -1
11 2 2 92 25 43
11 2 3 -1 -1 -1
11 2 4 404 0 184
11 2 5 -1 -1 -1
11 1 2 92 25 43
11 1 3 -1 -1 -1
11 1 4 404 0 184
11 1 5 -1 -1 -1
11 0 2 92 25 43
11 0 3 -1 -1 -1
11 0 4 404 0 184
11 0 5 -1 -1 -1
10 4 2 299 186 0
10 4 3 -1 -1 -1
10 4 4 92 0 86
10 4 5 -1 -1 -1
10 3 2 92 25 43
10 3 3 -1 -1 -1
10 3 4 299 136 86
10 3 5 -1 -1 -1
10 2 2 299 186 0
10 2 3 -1 -1 -1
10 2 4 92 0 86
10 2 5 -1 -1 -1
10 1 2 299 186 0
10 1 3 -1 -1 -1
10 1 4 409 161 86
10 1 5 -1 -1 -1
10 0 2 299 186 43
10 0 3 -1 -1 -1
10 0 4 92 0 86
10 0 5 -1 -1 -1
9 4 2 299 186 43
9 4 3 -1 -1 -1
9 4 4 92 0 86
9 4 5 -1 -1 -1
9 3 2 92 25 43
9 3 3 -1 -1 -1
9 3 4 460 55 184
9 3 5 -1 -1 -1
9 2 2 299 186 0
9 2 3 -1 -1 -1
9 2 4 92 0 86
9 2 5 -1 -1 -1
9 1 2 299 186 0
9 1 3 -1 -1 -1
9 1 4 404 0 184
9 1 5 -1 -1 -1
9 0 2 299 186 43
9 0 3 -1 -1 -1
9 0 4 92 0 86
9 0 5 -1 -1 -1
8 4 2 299 186 0
8 4 3 -1 -1 -1
8 4 4 299 136 86
8 4 5 -1 -1 -1
8 3 2 299 186 43
8 3 3 -1 -1 -1
8 3 4 92 0 86
8 3 5 -1 -1 -1
8 2 2 299 186 0
8 2 3 -1 -1 -1
8 2 4 92 0 86
8 2 5 -1 -1 -1
8 1 2 299 186 43
8 1 3 -1 -1 -1
8 1 4 404 0 184
8 1 5 -1 -1 -1
8 0 2 -1 -1 -1
8 0 3 -1 -1 -1
8 0 4 92 0 86
8 0 5 -1 -1 -1
7 4 2 299 186 43
7 4 3 -1 -1 -1
7 4 4 92 0 86
7 4 5 -1 -1 -1
7 3 2 299 186 43
7 3 3 -1 -1 -1
7 3 4 299 136 86
7 3 5 -1 -1 -1
7 2 2 -1 -1 -1
7 2 3 -1 -1 -1
7 2 4 92 0 86
7 2 5 -1 -1 -1
7 1 2 299 186 0
7 1 3 -1 -1 -1
7 1 4 460 55 184
7 1 5 -1 -1 -1
7 0 2 299 186 43
7 0 3 -1 -1 -1
7 0 4 299 136 86
7 0 5 -1 -1 -1
6 4 2 -1 -1 -1
6 4 3 -1 -1 -1
6 4 4 299 161 86
6 4 5 -1 -1 -1
6 3 2 299 186 43
6 3 3 -1 -1 -1
6 3 4 460 55 184
6 3 5 -1 -1 -1
6 2 2 -1 -1 -1
6 2 3 -1 -1 -1
6 2 4 299 161 86
6 2 5 -1 -1 -1
6 1 2 299 186 43
6 1 3 -1 -1 -1
6 1 4 460 55 184
6 1 5 -1 -1 -1
6 0 2 -1 -1 -1
6 0 3 -1 -1 -1
6 0 4 92 0 86
6 0 5 -1 -1 -1
5 4 4 460 55 184
5 4 5 -1 -1 -1
5 3 4 460 55 184
5 3 5 -1 -1 -1
5 2 4 460 55 184
5 2 5 -1 -1 -1
5 1 4 460 55 184
5 1 5 -1 -1 -1
5 0 4 460 55 184
5 0 5 -1 -1 -1
4 4 4 460 55 184
4 4 5 -1 -1 -1
4 3 4 460 55 184
4 3 5 -1 -1 -1
4 2 4 460 55 184
4 2 5 -1 -1 -1
4 1 4 460 55 184
4 1 5 -1 -1 -1
4 0 4 460 55 184
4 0 5 -1 -1 -1
3 4 4 460 55 184
3 4 5 -1 -1 -1
3 3 4 460 55 184
3 3 5 -1 -1 -1
3 2 4 460 55 184
3 2 5 -1 -1 -1
3 1 4 460 55 184
3 1 5 -1 -1 -1
3 0 4 460 55 184
3 0 5 -1 -1 -1
2 4 4 460 55 184
2 4 5 -1 -1 -1
2 3 4 460 55 184
2 3 5 -1 -1 -1
2 2 4 460 55 184
2 2 5 -1 -1 -1
2 1 4 460 55 184
2 1 5 -1 -1 -1
2 0 4 460 55 184
2 0 5 -1 -1 -1
1 4 4 460 55 184
1 4 5 -1 -1 -1
1 3 4 460 55 184
1 3 5 -1 -1 -1
1 2 4 460 55 184
1 2 5 -1 -1 -1
1 1 4 460 55 184
1 1 5 -1 -1 -1
1 0 4 460 55 184
1 0 5 -1 -1 -1
0 4 4 352 55 30
0 4 5 -1 -1 -1
0 3 4 352 55 30
0 3 5 -1 -1 -1
0 2 4 352 55 30
0 2 5 -1 -1 -1
0 1 4 352 55 30
0 1 5 -1 -1 -1
0 0 4 352 55 30
0 0 5 -1 -1 -1
